# oST version 5.0 parameters


[image]

width
640

height
480

[narrow_stereo]

camera matrix
504.416676 0.000000 300.939176
0.000000 675.884647 229.926702
0.000000 0.000000 1.000000

distortion
-0.376945 0.120746 0.000928 -0.000308 0.000000

rectification
1.000000 0.000000 0.000000
0.000000 1.000000 0.000000
0.000000 0.000000 1.000000

projection
409.901642 0.000000 290.430814 0.000000
0.000000 639.958130 228.610779 0.000000
0.000000 0.000000 1.000000 0.000000
